0.15 0.077 -0.765 0.347 -0.16 -0.42 
0.149 0.075 -0.765 0.352 -0.162 -0.42 
0.149 0.073 -0.764 0.357 -0.162 -0.42 
0.15 0.073 -0.763 0.362 -0.162 -0.42 
0.151 0.073 -0.762 0.369 -0.162 -0.42 
0.153 0.072 -0.762 0.377 -0.162 -0.42 
0.156 0.074 -0.762 0.383 -0.16 -0.42 
0.159 0.076 -0.762 0.389 -0.157 -0.421 
0.163 0.079 -0.762 0.395 -0.156 -0.421 
0.165 0.078 -0.762 0.401 -0.16 -0.42 
0.165 0.076 -0.763 0.41 -0.16 -0.42 
0.168 0.076 -0.762 0.416 -0.16 -0.42 
0.171 0.077 -0.762 0.421 -0.159 -0.42 
0.175 0.079 -0.763 0.428 -0.156 -0.42 
0.179 0.082 -0.764 0.432 -0.155 -0.421 
0.182 0.084 -0.763 0.438 -0.149 -0.42 
0.187 0.09 -0.759 0.445 -0.153 -0.422 
0.185 0.085 -0.77 0.45 -0.155 -0.428 
0.18 0.078 -0.789 0.493 -0.152 -0.431 
0.212 0.087 -0.764 0.5 -0.153 -0.419 
0.211 0.083 -0.783 0.525 -0.124 -0.456 
0.198 0.101 -1.029 0.549 -0.056 -0.592 
0.161 0.103 -1.285 0.55 -0.033 -0.643 
0.158 0.105 -1.309 0.569 -0.03 -0.617 
0.202 0.123 -1.127 0.563 -0.063 -0.496 
0.235 0.142 -0.917 0.557 -0.083 -0.445 
0.235 0.134 -0.81 0.56 -0.098 -0.423 
0.164 0.096 -0.804 0.335 -0.144 -0.422 
0.027 0.068 -0.787 0.339 -0.122 -0.406 
0.028 0.066 -0.769 0.346 -0.141 -0.38 
0.049 0.081 -0.802 0.367 -0.087 -0.536 
0.062 0.08 -1.139 0.352 -0.046 -0.689 
0.065 0.072 -1.393 0.331 -0.048 -0.782 
0.059 0.062 -1.45 0.289 -0.062 -0.852 
0.023 0.03 -1.474 0.262 -0.076 -0.848 
0.019 0.028 -1.45 0.293 -0.077 -0.771 
0.054 0.074 -1.308 0.349 -0.084 -0.638 
0.053 0.07 -1.283 0.384 -0.071 -0.648 
0.055 0.067 -1.319 0.414 -0.063 -0.65 
0.083 0.083 -1.294 0.456 -0.061 -0.635 
0.079 0.079 -1.279 0.466 -0.066 -0.637 
0.068 0.068 -1.276 0.462 -0.059 -0.671 
0.065 0.069 -1.304 0.471 -0.055 -0.671 
0.066 0.071 -1.299 0.475 -0.056 -0.664 
0.074 0.08 -1.316 0.471 -0.043 -0.702 
0.07 0.076 -1.344 0.475 -0.04 -0.71 
0.065 0.071 -1.343 0.487 -0.043 -0.696 
0.068 0.075 -1.334 0.488 -0.044 -0.699 
0.067 0.076 -1.326 0.5 -0.042 -0.693 
0.063 0.073 -1.321 0.507 -0.046 -0.684 
0.059 0.07 -1.312 0.518 -0.051 -0.675 
0.056 0.067 -1.303 0.527 -0.057 -0.671 
0.051 0.062 -1.31 0.535 -0.055 -0.671 
0.056 0.066 -1.312 0.541 -0.06 -0.667 
0.054 0.065 -1.313 0.547 -0.056 -0.671 
0.054 0.066 -1.316 0.553 -0.054 -0.673 
0.057 0.068 -1.308 0.568 -0.056 -0.676 
0.074 0.082 -1.36 0.56 -0.028 -0.755 
0.073 0.076 -1.457 0.547 -0.023 -0.853 
0.061 0.061 -1.505 0.541 -0.027 -0.897 
0.045 0.045 -1.475 0.522 -0.024 -0.95 
0.033 0.031 -1.43 0.509 -0.015 -0.97 
0.045 0.043 -1.436 0.501 -0.011 -0.99 
0.039 0.036 -1.42 0.474 -0.012 -1.052 
0.037 0.035 -1.393 0.469 -0.012 -1.065 
0.04 0.039 -1.529 0.598 -0.043 -0.723 
0.01 0.055 -1.162 0.57 -0.119 -0.55 
-0.052 0.05 -0.942 0.723 -0.068 -0.459 
0.037 0.099 -0.82 0.697 -0.088 -0.387 
0.039 0.118 -0.765 0.698 -0.082 -0.409 
0.036 0.108 -0.833 0.712 -0.058 -0.497 
0.078 0.125 -1.107 0.703 0.018 -0.765 
0.108 0.106 -1.386 0.803 -0.019 -0.617 
0.124 0.135 -1.091 0.805 -0.033 -0.515 
0.128 0.148 -0.947 0.826 -0.026 -0.468 
0.147 0.164 -0.951 0.838 0.033 -0.631 
0.177 0.174 -1.321 0.525 0.063 -1.201 
0.114 0.136 -1.229 0.125 0.048 -1.5 
0.098 0.129 -1.178 -0.063 0.062 -1.461 
0.104 0.136 -1.192 -0.064 0.074 -1.45 
0.093 0.124 -1.184 -0.07 0.08 -1.442 
0.095 0.128 -1.188 -0.047 0.086 -1.45 
0.104 0.14 -1.2 -0.044 0.087 -1.451 
0.103 0.138 -1.199 -0.075 0.086 -1.437 
0.093 0.127 -1.194 -0.087 0.084 -1.434 
0.087 0.12 -1.197 -0.106 0.082 -1.427 
0.084 0.115 -1.192 -0.157 0.078 -1.393 
0.089 0.107 -1.178 -0.172 0.081 -1.381 
0.079 0.1 -1.172 -0.147 0.077 -1.405 
0.082 0.104 -1.174 -0.156 0.081 -1.399 
0.084 0.105 -1.165 -0.177 0.082 -1.382 
0.084 0.102 -1.156 -0.212 0.081 -1.358 
0.087 0.102 -1.15 -0.245 0.086 -1.329 
0.087 0.099 -1.164 -0.24 0.088 -1.331 
0.077 0.092 -1.185 -0.219 0.088 -1.352 
0.073 0.101 -1.19 -0.212 0.087 -1.37 
0.099 0.122 -1.121 -0.227 0.088 -1.368 
0.125 0.124 -1.118 -0.282 0.104 -1.301 
0.161 0.174 -0.978 -0.379 0.145 -1.205 
0.164 0.177 -0.92 -0.457 0.166 -1.131 
0.177 0.182 -0.917 -0.478 0.168 -1.103 
0.176 0.18 -0.903 -0.475 0.169 -1.094 
0.168 0.191 -0.882 -0.493 0.177 -1.077 
0.153 0.189 -0.89 -0.54 0.183 -1.07 
0.069 0.112 -0.927 -0.531 0.176 -1.088 
-0.16 -0.129 -0.811 -0.842 -0.022 -1.054 
-0.191 -0.155 -0.764 -1.07 -0.173 -0.892 
-0.146 -0.117 -0.746 -1.076 -0.16 -0.854 
-0.135 -0.144 -0.716 -1.068 -0.141 -0.813 
-0.127 -0.15 -0.72 -1.04 -0.158 -0.815 
-0.111 -0.15 -0.733 -1.017 -0.168 -0.826 
-0.128 -0.179 -0.739 -1.028 -0.188 -0.834 
-0.045 -0.101 -0.794 -0.853 -0.045 -0.943 
0.173 0.175 -0.927 -0.52 0.17 -1.065 
0.232 0.202 -0.912 -0.476 0.177 -1.057 
0.26 0.191 -0.907 -0.47 0.154 -1.029 
0.251 0.152 -0.875 -0.511 0.141 -0.986 
0.25 0.156 -0.871 -0.51 0.141 -0.987 
0.253 0.155 -0.876 -0.512 0.136 -0.988 
0.17 0.024 -0.843 -0.741 -0.072 -0.898 
0.084 -0.065 -0.819 -0.752 -0.083 -0.899 
0.093 -0.099 -0.796 -0.799 -0.137 -0.838 
0.072 -0.167 -0.749 -0.833 -0.177 -0.793 
0.095 -0.181 -0.739 -0.83 -0.19 -0.778 
0.112 -0.167 -0.749 -0.803 -0.174 -0.801 
0.137 -0.145 -0.77 -0.744 -0.127 -0.844 
0.204 -0.042 -0.817 -0.536 0.102 -0.99 
0.315 0.222 -0.909 -0.35 0.293 -1.035 
0.465 0.392 -0.911 -0.095 0.413 -1.008 
0.53 0.458 -0.915 0.028 0.46 -1.006 
0.55 0.484 -0.925 0.071 0.473 -1.006 
0.549 0.482 -0.93 0.049 0.461 -1.014 
0.539 0.481 -0.939 0.054 0.46 -1.022 
0.527 0.465 -0.94 0.034 0.453 -1.027 
0.514 0.456 -0.947 0.025 0.446 -1.036 
0.508 0.449 -0.95 0.009 0.439 -1.039 
0.501 0.443 -0.953 -0.003 0.431 -1.046 
0.49 0.434 -0.962 -0.05 0.414 -1.057 
0.475 0.426 -0.962 -0.104 0.401 -1.058 
0.453 0.408 -0.959 -0.093 0.404 -1.06 
0.478 0.437 -0.97 -0.047 0.416 -1.059 
0.48 0.432 -0.964 -0.057 0.414 -1.064 
0.463 0.419 -0.967 -0.082 0.406 -1.067 
0.466 0.42 -0.964 -0.082 0.406 -1.063 
0.462 0.417 -0.969 -0.138 0.398 -1.068 
0.427 0.414 -0.967 -0.215 0.401 -1.069 
0.433 0.413 -0.969 -0.167 0.398 -1.07 
0.447 0.417 -0.97 -0.131 0.406 -1.065 
0.458 0.424 -0.964 -0.113 0.408 -1.061 
0.475 0.433 -0.964 -0.05 0.428 -1.055 
0.492 0.451 -0.96 -0.055 0.438 -1.045 
0.493 0.456 -0.956 -0.034 0.448 -1.045 
0.5 0.458 -0.953 -0.032 0.442 -1.046 
0.492 0.449 -0.954 -0.03 0.446 -1.048 
0.495 0.455 -0.953 -0.027 0.451 -1.046 
0.486 0.449 -0.956 -0.073 0.43 -1.062 
0.464 0.429 -0.975 -0.093 0.397 -1.087 
0.446 0.394 -1.0 0.027 0.383 -1.121 
0.486 0.41 -1.022 0.175 0.417 -1.11 
0.533 0.439 -1.01 0.187 0.431 -1.097 
0.535 0.444 -1.006 0.172 0.428 -1.098 
0.496 0.416 -1.029 0.024 0.343 -1.165 
0.385 0.308 -1.076 -0.346 0.175 -1.22 
0.24 0.161 -1.038 -0.633 0.14 -1.129 
0.206 0.156 -0.963 -0.61 0.157 -1.128 
0.212 0.143 -0.971 -0.601 0.114 -1.147 
0.139 0.052 -0.982 -0.756 -0.009 -1.136 
0.051 -0.054 -0.952 -0.834 -0.112 -1.117 
-0.029 -0.177 -0.933 -0.838 -0.132 -1.114 
0.033 -0.103 -0.964 -0.79 -0.113 -1.126 
0.009 -0.148 -0.959 -0.848 -0.193 -1.104 
-0.071 -0.248 -0.934 -0.947 -0.273 -1.022 
-0.07 -0.269 -0.899 -0.918 -0.251 -1.034 
-0.029 -0.248 -0.914 -0.901 -0.255 -1.042 
-0.022 -0.243 -0.92 -0.887 -0.243 -1.045 
0.017 -0.211 -0.928 -0.807 -0.143 -1.088 
0.114 -0.097 -0.939 -0.796 -0.122 -1.085 
0.113 -0.113 -0.914 -0.824 -0.136 -1.058 
0.09 -0.171 -0.902 -0.812 -0.14 -1.061 
0.166 -0.068 -0.926 -0.704 -0.037 -1.097 
0.233 -0.003 -0.938 -0.659 0.003 -1.1 
0.263 0.047 -0.939 -0.665 0.022 -1.102 
0.235 0.0 -0.925 -0.742 -0.048 -1.078 
0.195 -0.052 -0.919 -0.749 -0.053 -1.08 
0.201 -0.049 -0.923 -0.732 -0.049 -1.085 
0.236 -0.027 -0.93 -0.689 -0.028 -1.096 
0.252 -0.011 -0.935 -0.658 -0.009 -1.102 
0.287 0.006 -0.934 -0.634 -0.0 -1.101 
0.3 0.013 -0.933 -0.618 0.012 -1.102 
0.328 0.048 -0.939 -0.578 0.057 -1.101 
0.363 0.094 -0.94 -0.534 0.11 -1.091 
0.385 0.138 -0.95 -0.5 0.128 -1.103 
0.395 0.144 -0.962 -0.484 0.127 -1.11 
0.406 0.139 -0.963 -0.473 0.125 -1.112 
0.415 0.136 -0.959 -0.462 0.126 -1.113 
0.421 0.14 -0.96 -0.449 0.131 -1.111 
0.434 0.144 -0.957 -0.447 0.132 -1.112 
0.443 0.142 -0.957 -0.42 0.119 -1.104 
0.479 0.133 -0.953 -0.39 0.12 -1.113 
0.494 0.134 -0.944 -0.387 0.126 -1.104 
0.505 0.139 -0.945 -0.375 0.136 -1.106 
0.518 0.156 -0.94 -0.364 0.149 -1.1 
0.529 0.169 -0.941 -0.36 0.15 -1.106 
0.535 0.17 -0.939 -0.362 0.15 -1.103 
0.538 0.168 -0.939 -0.362 0.149 -1.105 
0.536 0.164 -0.941 -0.36 0.15 -1.106 
0.539 0.164 -0.943 -0.358 0.15 -1.108 
0.544 0.165 -0.944 -0.358 0.152 -1.107 
0.547 0.164 -0.942 -0.357 0.153 -1.108 
0.542 0.157 -0.95 -0.295 0.141 -1.184 
0.514 0.145 -0.983 -0.323 0.131 -1.175 
0.498 0.13 -1.019 -0.037 0.164 -1.342 
0.472 0.114 -1.062 0.127 0.158 -1.411 
0.449 0.105 -1.093 0.274 0.128 -1.398 
0.209 0.063 -1.396 0.612 0.012 -0.948 
-0.312 0.029 -1.211 0.761 -0.098 -0.602 
-0.474 0.014 -0.914 0.989 -0.075 -0.486 
-0.392 0.056 -0.79 0.99 -0.101 -0.463 
-0.402 0.058 -0.771 0.995 -0.105 -0.454 
-0.397 0.064 -0.771 1.0 -0.107 -0.449 
-0.396 0.062 -0.775 1.01 -0.12 -0.452 
-0.394 0.062 -0.779 1.017 -0.12 -0.448 
-0.387 0.068 -0.777 1.024 -0.121 -0.443 
-0.386 0.068 -0.775 1.032 -0.122 -0.438 
-0.193 0.733 0.836 1.037 -0.125 -0.437 
-0.375 0.074 -0.78 1.043 -0.13 -0.435 
-0.29 0.113 -0.937 1.049 -0.103 -0.461 
-0.047 0.169 -1.227 1.002 -0.028 -0.598 
0.009 0.172 -1.284 0.989 0.024 -0.716 
0.009 0.162 -1.301 0.991 0.031 -0.73 
-0.146 0.15 -1.144 1.02 0.027 -0.688 
-0.359 0.104 -0.858 1.026 -0.034 -0.558 
-0.401 0.097 -0.77 1.041 -0.133 -0.402 
-0.4 0.099 -0.765 1.046 -0.136 -0.394 
-0.394 0.104 -0.763 1.051 -0.134 -0.392 
-0.391 0.105 -0.762 1.057 -0.134 -0.391 
-0.389 0.106 -0.76 1.063 -0.133 -0.39 
-0.392 0.105 -0.755 1.07 -0.135 -0.386 
-0.337 0.124 -0.834 1.076 -0.138 -0.384 
-0.069 0.186 -1.167 1.087 -0.026 -0.534 
-0.038 0.189 -1.199 1.07 0.016 -0.655 
0.021 0.204 -1.238 1.085 0.023 -0.66 
0.146 0.218 -1.328 1.085 0.039 -0.704 
0.299 0.204 -1.319 1.008 0.079 -0.924 
0.427 0.205 -1.113 0.735 0.113 -1.27 
0.462 0.198 -0.991 -0.313 0.121 -1.381 
0.476 0.194 -0.928 -0.702 0.14 -1.196 
0.479 0.195 -0.915 -0.831 0.142 -1.077 
0.488 0.196 -0.908 -0.85 0.149 -1.068 
0.492 0.194 -0.909 -0.853 0.152 -1.058 
0.441 0.118 -0.916 -0.853 0.145 -1.064 
0.298 -0.114 -0.864 -0.981 0.01 -1.058 
0.314 -0.151 -0.84 -1.124 -0.154 -0.977 
0.303 -0.199 -0.817 -1.14 -0.208 -0.921 
0.326 -0.202 -0.82 -1.148 -0.202 -0.905 
0.34 -0.198 -0.826 -1.143 -0.217 -0.892 
0.35 -0.194 -0.837 -1.133 -0.22 -0.896 
0.349 -0.204 -0.84 -1.125 -0.228 -0.898 
0.342 -0.153 -0.906 -1.105 -0.217 -0.922 
0.02 -0.03 -1.499 -0.955 -0.142 -1.143 
-0.321 0.089 -1.027 1.031 0.006 -0.927 
-0.476 0.031 -0.856 1.151 -0.043 -0.654 
-0.484 0.069 -0.769 1.154 -0.053 -0.529 
-0.485 0.077 -0.745 1.169 -0.055 -0.501 
-0.48 0.065 -0.75 1.18 -0.065 -0.494 
-0.418 0.027 -0.808 1.197 -0.102 -0.495 
-0.133 0.093 -0.741 1.511 -0.096 -0.413 
-0.121 0.125 -0.691 1.653 -0.055 -0.439 
-0.135 0.115 -0.672 1.652 -0.056 -0.416 
-0.142 0.097 -0.679 1.662 -0.067 -0.413 
-0.146 0.078 -0.683 1.67 -0.091 -0.412 
-0.145 0.063 -0.689 1.683 -0.123 -0.414 
-0.117 0.089 -0.71 1.692 -0.119 -0.427 
-0.121 0.059 -0.714 1.7 -0.119 -0.419 
-0.096 0.035 -1.054 1.716 -0.151 -0.437 
-0.025 0.191 -1.081 1.575 -0.07 -0.831 
-0.113 0.078 -1.224 1.493 -0.055 -0.826 
-0.123 -0.056 -1.482 1.259 -0.126 -0.96 
-0.464 0.133 -0.736 0.725 -0.108 -1.223 
-0.462 0.099 -0.77 1.199 -0.078 -0.443 
0.211 0.273 -0.979 1.445 -0.101 -0.762 
0.244 0.074 -0.602 2.105 0.001 -0.465 
0.256 0.153 -0.642 2.192 -0.104 -0.463 
0.224 0.114 -0.643 2.156 -0.088 -0.411 
0.209 0.093 -0.657 2.164 -0.102 -0.408 
0.207 0.086 -0.665 2.167 -0.117 -0.404 
0.206 0.08 -0.67 2.171 -0.128 -0.404 
0.198 0.062 -0.683 2.174 -0.138 -0.403 
0.206 0.067 -0.679 2.182 -0.15 -0.408 
0.24 0.105 -0.684 2.191 -0.128 -0.406 
0.227 0.067 -0.626 2.194 -0.126 -0.35 
0.016 0.045 -0.778 2.197 -0.163 -0.352 
-0.014 0.073 -0.729 1.929 -0.157 -0.414 
-0.031 0.051 -0.713 1.898 -0.162 -0.397 
-0.058 0.014 -0.711 1.902 -0.197 -0.399 
-0.058 0.014 -0.709 1.907 -0.21 -0.397 
-0.045 0.028 -0.707 1.91 -0.201 -0.399 
-0.043 0.029 -0.705 1.915 -0.197 -0.399 
-0.042 0.03 -0.706 1.921 -0.201 -0.4 
-0.038 0.034 -0.705 1.927 -0.198 -0.398 
-0.036 0.033 -0.703 1.932 -0.198 -0.398 
-0.037 0.029 -0.703 1.938 -0.203 -0.399 
-0.038 0.028 -0.703 1.943 -0.202 -0.4 
-0.042 0.021 -0.704 1.948 -0.204 -0.4 

